-2.8156903468014
-2.26778751348872
0.639271923251981
2.46534078720143
1.82508819901644
-2.01389612934054
-3.25807321385659
-1.81354499244366
-0.469810381472596
0.95065144634233
1.9388378710913
2.31855920381828
-0.601041726909302
-1.5171633285742
-0.739570932779608
0.183597863311107
0.261242453688048
-1.11283129503316
0.243639985299762
1.20672780967405
1.60295995332207
2.8969685051225
1.72251429416215
-2.33954967621577
-4.51622305827682
-3.30109041857545
1.27581881534697
2.19262498041144
1.16566516843871
-0.12591774664458
-2.01837846136261
-0.957935271503313
-0.18621525793425
0.284632498675824
1.55003476734824
1.37850789178803
-0.69956445735863
-0.95633517182202
-0.951685842192648
-1.40008421402164
-0.754592925284203
-0.829780541893391
-0.529709500097433
0.359634981463363
0.544152043078498
-1.07087145565231
-1.54852826124629
-0.164896741831172
1.77635218108213
2.82262528141744
-0.137625822351785
-2.46775833396715
-1.55988206494562
-0.0323019440743577
1.66207920220353
0.28416517227034
-2.20068525269263
-1.98121574679187
0.350617999220236
1.38721608161106
1.79457002257101
0.179675603009124
-2.92729303948812
-2.35580882084949
-0.31144349177615
2.85754137396594
2.8870271624503
-0.927512487420432
-2.76109316326158
-2.48914208105756
-0.0503364914510041
1.42350921642507
0.644112104173093
-0.930566521019099
-2.49958740692756
-0.884679323329836
2.75879149877899
1.45989169306108
-0.972041726369954
-2.35291393176185
-2.40990975067553
-1.6268822015737
0.873402960679427
1.49127673282113
-0.285543883189598
-0.20897656247386
1.60191816651188
1.89383689016663
0.253834230583309
-2.6920348108919
-3.19373371956514
0.842273973430366
4.10789944602978
3.20285005338734
0.283740794266429
-1.79173125180787
-1.60267650512892
1.27914064610212
3.89515669777146
3.56880929167078
0.0241269037935474
-4.49723927240391
-3.50349968746899
1.82306503612222
5.99477830657063
4.88680063684604
1.71366946895738
-1.15429848639428
-4.29342562755995
-5.14126821232433
-3.0294307351017
2.02553406099397
5.63122076591147
4.1498072776844
0.169599816124502
-2.45911770198431
-3.24851746160417
-1.48076949810531
0.657412608192412
0.241809893820928
-2.04435168585905
-0.890011765134769
1.22867972687805
1.63567617224255
1.04065720686747
-2.19885619810744
-4.04711632803014
-1.33824261707001
1.13805464721143
1.42482522950807
2.06254774694266
1.59878815025205
1.27083113579389
-1.15198415330112
-3.54346874059369
-2.26928709233577
1.07446822287081
2.34858944680359
0.818021659364285
-1.20840343343268
-0.931771709970026
0.374710295041703
0.00595182392145333
0.308536450012722
1.16673693670248
-1.00765507262718
0.0251572306145746
3.80075231286502
4.07052918335382
-1.0402987899791
-5.01730243844944
-5.15440528163973
0.206439162205438
4.05690964494343
2.66595048710325
-1.87897778006107
-5.31424887593464
-3.867845155041
1.38581234664814
5.3948913131967
2.40142906574174
-2.39226292980896
-3.09848080991245
0.143517781595073
2.78864336263006
3.95049391507304
1.33926527492306
-2.99212201230289
-3.3401672329414
0.0163715984729071
2.79698989150172
3.40525100433208
1.50463193563629
-1.18617327906715
-1.54760739776686
0.0425209657512748
-0.478585500689259
-0.458965899650811
0.751294697066534
0.677450395466499
-0.0446091129627619
-2.20111789168161
-2.63628861362104
-1.04762640330993
0.26010946505834
0.379436926878766
-0.383300732622115
0.155290470717744
1.65813964860386
1.04916695830284
0.00874483804480475
-0.683384194101673
-0.502966846144052
-0.24392574835735
0.172012103396114
-1.82043849090273
-2.00529340950287
-2.54088484264279
-0.401466834965076
2.17660434955072
